,a,r,n,d,c,q,e,g,h,i,l,k,m,f,p,s,t,w,y,v
a,7,-1,1,3,2,-1,-1,-2,1,-2,-2,-1,-1,-2,-1,-2,3,1,-1,1
r,-1,4,2,1,1,1,2,1,2,1,1,2,3,2,2,2,1,1,1,1
n,1,2,4,1,1,2,2,1,2,2,1,1,2,1,3,1,2,1,1,2
d,3,1,1,3,2,1,2,2,2,2,1,2,1,2,1,2,2,1,1,2
c,2,1,1,2,4,0,0,2,1,1,2,2,2,1,2,2,0,0,3,1
q,-1,1,2,1,0,4,1,0,2,2,3,1,2,2,1,1,2,1,1,0
e,-1,2,2,2,0,1,4,2,3,3,0,1,2,1,0,2,1,2,1,0
g,-2,1,1,2,2,0,2,4,1,2,2,1,1,2,2,3,1,2,0,1
h,1,2,2,2,1,2,3,1,4,2,1,2,1,1,0,2,3,1,2,0
i,-2,1,2,2,1,2,3,2,2,3,1,2,3,3,2,2,1,1,1,0
l,-2,1,1,1,2,3,0,2,1,1,5,1,1,1,2,2,1,1,2,1
k,-1,2,1,2,2,1,1,1,2,2,1,3,1,0,2,1,3,2,2,1
m,-1,3,2,1,2,2,2,1,1,3,1,1,3,2,1,1,1,2,2,1
f,-2,2,1,2,1,2,1,2,1,3,1,0,2,3,2,1,1,1,1,1
p,-1,2,3,1,2,1,0,2,0,2,2,2,1,2,4,2,0,1,1,1
s,-2,2,1,2,2,1,2,3,2,2,2,1,1,1,2,3,2,1,1,2
t,3,1,2,2,0,2,1,1,3,1,1,3,1,1,0,2,3,1,2,1
w,1,1,1,1,0,1,2,2,1,1,1,2,2,1,1,1,1,3,0,2
y,-1,1,1,1,3,1,1,0,2,1,2,2,2,1,1,1,2,0,4,1
v,1,1,2,2,1,0,0,1,0,0,1,1,1,1,1,2,1,2,1,4
